30.0	40.0	43.0	37.0	12.0	10.0	18.0	33.0	46.0	2.0
30.0	34.0	10.0	40.0	46.0	26.0	43.0	37.0	45.0	4.0
10.0	40.0	30.0	34.0	46.0	27.0	50.0	4.0	29.0	9.0
30.0	40.0	10.0	34.0	43.0	37.0	18.0	45.0	9.0	2.0
30.0	40.0	34.0	46.0	37.0	49.0	42.0	50.0	9.0	3.0
30.0	40.0	34.0	9.0	46.0	49.0	26.0	58.0	43.0	37.0
30.0	4.0	43.0	37.0	26.0	34.0	50.0	40.0	46.0	55.0
30.0	34.0	55.0	58.0	22.0	20.0	46.0	40.0	49.0	21.0
30.0	34.0	45.0	50.0	51.0	43.0	37.0	59.0	54.0	44.0
30.0	34.0	43.0	44.0	46.0	42.0	0.0	40.0	4.0	55.0
34.0	30.0	49.0	27.0	26.0	46.0	58.0	40.0	10.0	42.0
30.0	49.0	34.0	46.0	43.0	37.0	26.0	40.0	0.0	50.0
30.0	34.0	46.0	40.0	26.0	43.0	37.0	0.0	51.0	58.0
30.0	46.0	4.0	40.0	34.0	37.0	38.0	18.0	0.0	9.0
30.0	40.0	49.0	46.0	18.0	34.0	0.0	9.0	33.0	45.0
40.0	30.0	49.0	34.0	46.0	43.0	37.0	4.0	9.0	38.0
30.0	34.0	40.0	26.0	49.0	50.0	46.0	51.0	37.0	54.0
30.0	43.0	37.0	34.0	26.0	40.0	4.0	50.0	9.0	46.0
30.0	50.0	46.0	40.0	37.0	9.0	43.0	4.0	26.0	34.0
30.0	34.0	50.0	37.0	46.0	49.0	40.0	26.0	22.0	58.0
30.0	34.0	40.0	46.0	26.0	43.0	37.0	12.0	2.0	51.0
30.0	46.0	40.0	9.0	49.0	34.0	22.0	4.0	36.0	18.0
30.0	34.0	46.0	40.0	10.0	12.0	43.0	37.0	18.0	9.0
40.0	34.0	30.0	46.0	43.0	26.0	4.0	58.0	38.0	49.0
34.0	30.0	4.0	40.0	49.0	7.0	42.0	27.0	6.0	47.0
30.0	34.0	40.0	46.0	4.0	43.0	37.0	49.0	18.0	50.0
30.0	34.0	43.0	37.0	46.0	49.0	4.0	50.0	40.0	51.0
34.0	43.0	37.0	30.0	40.0	4.0	26.0	38.0	46.0	55.0
30.0	34.0	40.0	50.0	37.0	43.0	4.0	46.0	38.0	54.0
30.0	34.0	40.0	37.0	46.0	51.0	20.0	26.0	42.0	4.0
30.0	46.0	40.0	34.0	9.0	49.0	51.0	36.0	22.0	18.0
30.0	40.0	46.0	34.0	50.0	26.0	43.0	37.0	9.0	58.0
30.0	40.0	34.0	46.0	49.0	50.0	2.0	51.0	10.0	42.0
40.0	34.0	30.0	2.0	42.0	18.0	9.0	52.0	46.0	43.0
30.0	34.0	37.0	43.0	40.0	9.0	4.0	50.0	49.0	45.0
30.0	34.0	40.0	37.0	46.0	9.0	3.0	49.0	45.0	7.0
30.0	40.0	43.0	34.0	37.0	4.0	46.0	38.0	49.0	50.0
34.0	45.0	53.0	39.0	0.0	59.0	30.0	9.0	48.0	27.0
53.0	34.0	30.0	37.0	13.0	46.0	26.0	22.0	51.0	40.0
30.0	40.0	34.0	26.0	46.0	49.0	58.0	4.0	45.0	38.0
30.0	34.0	40.0	46.0	26.0	49.0	58.0	4.0	12.0	38.0
40.0	30.0	3.0	34.0	32.0	7.0	23.0	46.0	26.0	49.0
30.0	34.0	3.0	46.0	40.0	49.0	50.0	45.0	42.0	26.0
30.0	34.0	46.0	49.0	43.0	37.0	40.0	45.0	9.0	0.0
30.0	34.0	40.0	43.0	37.0	46.0	26.0	9.0	49.0	10.0
34.0	40.0	4.0	43.0	37.0	30.0	12.0	49.0	38.0	46.0
34.0	30.0	40.0	45.0	3.0	43.0	37.0	48.0	32.0	12.0
30.0	43.0	37.0	46.0	26.0	48.0	40.0	50.0	34.0	20.0
34.0	37.0	30.0	40.0	46.0	4.0	48.0	26.0	38.0	58.0
30.0	34.0	37.0	40.0	46.0	49.0	26.0	38.0	58.0	55.0
10.0	9.0	12.0	30.0	26.0	34.0	43.0	37.0	40.0	46.0
12.0	30.0	26.0	34.0	3.0	7.0	32.0	40.0	46.0	23.0
30.0	34.0	40.0	32.0	46.0	45.0	49.0	43.0	37.0	42.0
30.0	34.0	49.0	26.0	40.0	58.0	9.0	43.0	37.0	27.0
30.0	46.0	34.0	49.0	3.0	32.0	7.0	23.0	26.0	40.0
34.0	30.0	43.0	37.0	3.0	40.0	46.0	23.0	50.0	49.0
40.0	34.0	43.0	37.0	4.0	30.0	38.0	46.0	49.0	33.0
30.0	34.0	46.0	40.0	55.0	26.0	43.0	58.0	37.0	0.0
30.0	34.0	40.0	58.0	46.0	49.0	43.0	45.0	37.0	12.0
30.0	34.0	46.0	49.0	26.0	40.0	43.0	37.0	10.0	27.0
34.0	30.0	40.0	49.0	26.0	43.0	37.0	58.0	9.0	3.0
34.0	30.0	40.0	46.0	49.0	51.0	42.0	50.0	43.0	37.0
30.0	46.0	42.0	34.0	43.0	37.0	36.0	40.0	50.0	26.0
30.0	40.0	34.0	37.0	46.0	26.0	50.0	9.0	49.0	58.0
30.0	40.0	46.0	3.0	50.0	43.0	37.0	34.0	49.0	32.0
40.0	46.0	34.0	37.0	50.0	43.0	4.0	30.0	38.0	20.0
40.0	30.0	4.0	34.0	37.0	38.0	50.0	42.0	49.0	20.0
30.0	34.0	40.0	4.0	50.0	43.0	37.0	42.0	51.0	54.0
30.0	49.0	46.0	37.0	54.0	40.0	34.0	10.0	9.0	12.0
30.0	46.0	40.0	34.0	43.0	10.0	12.0	37.0	22.0	18.0
34.0	30.0	43.0	37.0	40.0	12.0	18.0	51.0	42.0	50.0
30.0	40.0	4.0	34.0	43.0	26.0	38.0	50.0	58.0	20.0
34.0	30.0	40.0	43.0	37.0	46.0	55.0	26.0	49.0	38.0
30.0	40.0	43.0	26.0	49.0	46.0	55.0	4.0	34.0	58.0
30.0	46.0	40.0	9.0	34.0	49.0	37.0	43.0	26.0	36.0
40.0	30.0	34.0	36.0	46.0	22.0	49.0	42.0	58.0	54.0
30.0	9.0	40.0	34.0	36.0	12.0	18.0	46.0	10.0	22.0
30.0	34.0	45.0	48.0	49.0	0.0	46.0	40.0	59.0	10.0
30.0	34.0	46.0	40.0	3.0	49.0	26.0	7.0	32.0	58.0
30.0	34.0	43.0	37.0	9.0	0.0	45.0	39.0	26.0	55.0
34.0	45.0	46.0	53.0	30.0	44.0	40.0	22.0	43.0	37.0
34.0	40.0	30.0	4.0	3.0	26.0	37.0	32.0	46.0	58.0
50.0	45.0	34.0	54.0	4.0	51.0	19.0	18.0	20.0	30.0
50.0	45.0	34.0	30.0	42.0	44.0	46.0	41.0	0.0	9.0
45.0	34.0	30.0	46.0	16.0	21.0	49.0	40.0	36.0	43.0
30.0	45.0	34.0	43.0	37.0	26.0	40.0	46.0	58.0	0.0
45.0	40.0	30.0	34.0	46.0	26.0	49.0	58.0	43.0	37.0
30.0	34.0	40.0	49.0	58.0	37.0	36.0	0.0	42.0	50.0
30.0	40.0	34.0	4.0	58.0	37.0	46.0	33.0	38.0	12.0
30.0	34.0	40.0	58.0	46.0	49.0	12.0	10.0	18.0	22.0
30.0	34.0	40.0	45.0	48.0	49.0	46.0	44.0	59.0	0.0
30.0	34.0	46.0	44.0	49.0	40.0	26.0	43.0	37.0	0.0
40.0	43.0	37.0	34.0	30.0	49.0	46.0	4.0	26.0	38.0
30.0	43.0	37.0	26.0	9.0	46.0	34.0	40.0	49.0	4.0
34.0	45.0	30.0	48.0	0.0	51.0	43.0	37.0	40.0	26.0
34.0	45.0	30.0	26.0	40.0	46.0	27.0	43.0	37.0	12.0
30.0	34.0	45.0	9.0	12.0	43.0	37.0	40.0	26.0	49.0
30.0	34.0	46.0	40.0	45.0	49.0	26.0	43.0	37.0	9.0
30.0	46.0	45.0	34.0	9.0	26.0	40.0	0.0	58.0	43.0
30.0	34.0	4.0	26.0	43.0	37.0	50.0	40.0	38.0	58.0
34.0	30.0	26.0	40.0	38.0	10.0	27.0	12.0	43.0	37.0
30.0	49.0	40.0	46.0	43.0	37.0	34.0	26.0	4.0	12.0
30.0	9.0	10.0	26.0	12.0	49.0	37.0	18.0	2.0	33.0
30.0	34.0	45.0	51.0	0.0	54.0	9.0	26.0	59.0	50.0
45.0	30.0	51.0	54.0	26.0	34.0	40.0	4.0	44.0	22.0
30.0	34.0	51.0	40.0	9.0	1.0	4.0	29.0	49.0	22.0
30.0	34.0	51.0	26.0	40.0	46.0	49.0	27.0	58.0	12.0
30.0	40.0	9.0	3.0	46.0	36.0	2.0	23.0	43.0	37.0
30.0	34.0	40.0	26.0	9.0	46.0	7.0	49.0	43.0	37.0
30.0	40.0	34.0	46.0	26.0	49.0	58.0	43.0	37.0	9.0
30.0	34.0	40.0	26.0	46.0	58.0	0.0	50.0	9.0	39.0
40.0	34.0	30.0	46.0	58.0	50.0	22.0	42.0	52.0	53.0
30.0	34.0	40.0	50.0	46.0	49.0	26.0	22.0	10.0	12.0
30.0	40.0	46.0	49.0	34.0	9.0	43.0	37.0	10.0	22.0
34.0	30.0	26.0	46.0	2.0	27.0	18.0	19.0	49.0	40.0
30.0	34.0	46.0	40.0	27.0	18.0	19.0	4.0	49.0	43.0
30.0	34.0	50.0	4.0	46.0	40.0	49.0	37.0	43.0	26.0
30.0	34.0	4.0	49.0	26.0	38.0	40.0	43.0	37.0	33.0
34.0	30.0	26.0	4.0	46.0	3.0	58.0	9.0	43.0	37.0
30.0	34.0	40.0	46.0	43.0	32.0	26.0	50.0	0.0	38.0
30.0	46.0	10.0	49.0	9.0	51.0	34.0	12.0	54.0	18.0
40.0	30.0	34.0	12.0	54.0	37.0	43.0	46.0	36.0	2.0
30.0	34.0	46.0	12.0	49.0	37.0	40.0	26.0	36.0	4.0
30.0	34.0	43.0	37.0	46.0	4.0	12.0	33.0	10.0	40.0
30.0	9.0	40.0	34.0	43.0	46.0	37.0	12.0	58.0	10.0
40.0	30.0	34.0	46.0	37.0	49.0	10.0	42.0	51.0	50.0
30.0	45.0	46.0	49.0	9.0	50.0	48.0	54.0	44.0	4.0
30.0	34.0	46.0	3.0	49.0	32.0	54.0	7.0	9.0	53.0
30.0	40.0	3.0	23.0	10.0	9.0	32.0	46.0	7.0	34.0
30.0	34.0	40.0	46.0	49.0	43.0	37.0	4.0	9.0	31.0
30.0	40.0	34.0	26.0	46.0	9.0	51.0	27.0	49.0	37.0
30.0	34.0	26.0	46.0	9.0	49.0	51.0	40.0	58.0	27.0
2.0	30.0	40.0	9.0	47.0	8.0	33.0	12.0	26.0	4.0
30.0	55.0	32.0	53.0	34.0	46.0	56.0	6.0	27.0	10.0
55.0	30.0	40.0	34.0	58.0	36.0	51.0	38.0	50.0	0.0
30.0	34.0	40.0	4.0	49.0	46.0	45.0	26.0	9.0	38.0
30.0	43.0	37.0	34.0	40.0	46.0	4.0	45.0	55.0	26.0
30.0	46.0	40.0	43.0	37.0	34.0	49.0	4.0	50.0	45.0
30.0	34.0	40.0	49.0	37.0	43.0	26.0	50.0	51.0	58.0
30.0	34.0	40.0	46.0	9.0	10.0	49.0	26.0	12.0	43.0
30.0	40.0	46.0	9.0	34.0	49.0	26.0	43.0	10.0	12.0
30.0	26.0	34.0	40.0	46.0	43.0	37.0	9.0	36.0	58.0
34.0	30.0	45.0	40.0	9.0	0.0	26.0	39.0	48.0	53.0
30.0	40.0	34.0	39.0	26.0	3.0	7.0	45.0	32.0	46.0
34.0	30.0	46.0	49.0	37.0	43.0	26.0	3.0	40.0	7.0
30.0	34.0	40.0	26.0	27.0	10.0	46.0	58.0	3.0	12.0
10.0	30.0	40.0	49.0	3.0	18.0	34.0	32.0	7.0	45.0
30.0	40.0	45.0	2.0	46.0	53.0	26.0	50.0	39.0	34.0
30.0	26.0	34.0	46.0	43.0	37.0	49.0	42.0	50.0	40.0
30.0	9.0	26.0	34.0	40.0	7.0	3.0	36.0	32.0	46.0
30.0	34.0	26.0	7.0	49.0	46.0	32.0	43.0	40.0	38.0
30.0	34.0	40.0	7.0	46.0	58.0	0.0	18.0	6.0	12.0
30.0	34.0	46.0	49.0	40.0	26.0	58.0	4.0	0.0	50.0
30.0	40.0	34.0	46.0	36.0	49.0	2.0	26.0	27.0	9.0
40.0	49.0	30.0	32.0	38.0	43.0	3.0	37.0	34.0	23.0
40.0	34.0	53.0	45.0	32.0	39.0	0.0	30.0	48.0	54.0
34.0	45.0	30.0	49.0	43.0	26.0	37.0	46.0	58.0	9.0
30.0	34.0	49.0	43.0	37.0	40.0	9.0	26.0	51.0	4.0
34.0	30.0	40.0	46.0	49.0	51.0	4.0	43.0	37.0	26.0
30.0	34.0	46.0	49.0	40.0	9.0	43.0	37.0	58.0	50.0
30.0	40.0	34.0	49.0	46.0	3.0	45.0	48.0	0.0	7.0
30.0	34.0	46.0	45.0	48.0	7.0	32.0	26.0	53.0	40.0
34.0	48.0	45.0	0.0	51.0	46.0	43.0	37.0	59.0	44.0
48.0	0.0	51.0	43.0	44.0	30.0	39.0	4.0	54.0	46.0
44.0	30.0	46.0	40.0	49.0	34.0	2.0	42.0	43.0	37.0
30.0	40.0	4.0	45.0	46.0	34.0	49.0	38.0	55.0	53.0
30.0	40.0	34.0	4.0	46.0	10.0	12.0	55.0	26.0	49.0
40.0	34.0	30.0	49.0	0.0	26.0	46.0	43.0	37.0	45.0
30.0	46.0	43.0	37.0	34.0	49.0	40.0	50.0	20.0	4.0
30.0	34.0	46.0	40.0	3.0	32.0	7.0	23.0	26.0	4.0
30.0	40.0	43.0	37.0	34.0	26.0	9.0	46.0	58.0	49.0
30.0	34.0	37.0	46.0	40.0	26.0	0.0	58.0	9.0	38.0
40.0	30.0	50.0	34.0	37.0	43.0	0.0	36.0	48.0	20.0
30.0	40.0	50.0	34.0	46.0	43.0	26.0	37.0	48.0	4.0
40.0	30.0	34.0	43.0	37.0	58.0	19.0	55.0	49.0	2.0
30.0	34.0	37.0	26.0	50.0	9.0	58.0	40.0	45.0	0.0
34.0	30.0	26.0	46.0	49.0	50.0	40.0	58.0	9.0	0.0
30.0	34.0	45.0	40.0	46.0	53.0	48.0	0.0	39.0	59.0
30.0	34.0	26.0	9.0	46.0	53.0	52.0	36.0	4.0	58.0
30.0	34.0	26.0	18.0	27.0	2.0	46.0	43.0	37.0	36.0
34.0	30.0	40.0	2.0	46.0	43.0	50.0	22.0	26.0	54.0
30.0	40.0	2.0	46.0	43.0	34.0	50.0	3.0	32.0	26.0
34.0	40.0	30.0	46.0	43.0	37.0	32.0	7.0	58.0	4.0
30.0	34.0	40.0	32.0	7.0	46.0	49.0	58.0	4.0	43.0
30.0	34.0	40.0	46.0	7.0	49.0	26.0	9.0	58.0	45.0
30.0	34.0	49.0	46.0	2.0	40.0	18.0	42.0	7.0	43.0
34.0	49.0	43.0	37.0	30.0	46.0	40.0	4.0	26.0	50.0
37.0	30.0	46.0	34.0	40.0	49.0	4.0	26.0	38.0	45.0
30.0	40.0	46.0	43.0	34.0	37.0	26.0	58.0	4.0	45.0
30.0	40.0	34.0	37.0	9.0	50.0	54.0	26.0	27.0	22.0
30.0	34.0	40.0	4.0	54.0	26.0	55.0	36.0	58.0	38.0
30.0	34.0	46.0	26.0	49.0	10.0	40.0	4.0	12.0	58.0
30.0	34.0	10.0	43.0	37.0	46.0	9.0	26.0	49.0	40.0
34.0	30.0	45.0	59.0	46.0	53.0	48.0	49.0	0.0	44.0
45.0	30.0	46.0	10.0	26.0	59.0	34.0	27.0	2.0	12.0
30.0	10.0	59.0	34.0	4.0	43.0	37.0	49.0	40.0	19.0
30.0	34.0	40.0	37.0	26.0	45.0	22.0	51.0	54.0	58.0
34.0	30.0	45.0	26.0	43.0	37.0	0.0	58.0	48.0	50.0
30.0	34.0	46.0	40.0	49.0	58.0	50.0	39.0	45.0	43.0
30.0	46.0	50.0	49.0	34.0	58.0	4.0	52.0	40.0	51.0
30.0	40.0	49.0	46.0	34.0	26.0	2.0	50.0	18.0	4.0
30.0	34.0	40.0	43.0	37.0	46.0	49.0	58.0	42.0	27.0
30.0	46.0	40.0	34.0	26.0	4.0	49.0	43.0	37.0	51.0
30.0	40.0	43.0	37.0	46.0	19.0	4.0	34.0	38.0	2.0
30.0	40.0	34.0	49.0	55.0	4.0	10.0	38.0	43.0	37.0
30.0	34.0	50.0	40.0	26.0	20.0	37.0	43.0	51.0	42.0
30.0	10.0	12.0	43.0	37.0	34.0	40.0	49.0	46.0	4.0
30.0	34.0	46.0	33.0	54.0	40.0	3.0	43.0	37.0	55.0
34.0	30.0	26.0	33.0	58.0	9.0	54.0	40.0	55.0	36.0
30.0	34.0	40.0	43.0	37.0	9.0	26.0	58.0	48.0	4.0
30.0	40.0	34.0	50.0	43.0	37.0	26.0	9.0	22.0	20.0
40.0	3.0	30.0	7.0	23.0	32.0	18.0	6.0	34.0	9.0
40.0	30.0	34.0	32.0	46.0	4.0	49.0	2.0	38.0	43.0
30.0	34.0	32.0	40.0	46.0	2.0	37.0	26.0	50.0	49.0
30.0	34.0	40.0	26.0	46.0	9.0	43.0	37.0	2.0	58.0
30.0	34.0	40.0	26.0	2.0	3.0	7.0	32.0	22.0	58.0
30.0	40.0	34.0	45.0	26.0	48.0	58.0	0.0	32.0	22.0
30.0	34.0	58.0	4.0	40.0	53.0	43.0	37.0	38.0	9.0
30.0	34.0	40.0	53.0	9.0	26.0	51.0	37.0	42.0	58.0
30.0	4.0	26.0	43.0	37.0	50.0	33.0	2.0	38.0	34.0
30.0	4.0	43.0	37.0	50.0	33.0	38.0	20.0	34.0	40.0
30.0	34.0	40.0	43.0	26.0	4.0	38.0	58.0	50.0	12.0
30.0	40.0	26.0	34.0	50.0	46.0	43.0	37.0	4.0	58.0
30.0	40.0	34.0	43.0	37.0	12.0	58.0	46.0	10.0	4.0
30.0	34.0	40.0	46.0	43.0	37.0	49.0	10.0	26.0	58.0
30.0	40.0	34.0	50.0	46.0	51.0	49.0	54.0	42.0	43.0
46.0	34.0	30.0	40.0	49.0	43.0	37.0	51.0	42.0	50.0
30.0	34.0	46.0	40.0	49.0	37.0	50.0	26.0	58.0	42.0
30.0	46.0	40.0	49.0	34.0	43.0	37.0	26.0	4.0	58.0
30.0	34.0	46.0	4.0	26.0	40.0	38.0	58.0	9.0	43.0
34.0	45.0	30.0	40.0	49.0	46.0	9.0	26.0	48.0	58.0
30.0	34.0	45.0	48.0	9.0	49.0	46.0	53.0	0.0	40.0
30.0	34.0	46.0	40.0	49.0	37.0	43.0	53.0	50.0	26.0
30.0	34.0	49.0	40.0	43.0	37.0	51.0	0.0	50.0	20.0
30.0	34.0	40.0	2.0	26.0	18.0	27.0	49.0	58.0	42.0
34.0	30.0	40.0	49.0	26.0	42.0	43.0	37.0	4.0	3.0
34.0	40.0	30.0	43.0	37.0	42.0	2.0	58.0	18.0	7.0
34.0	40.0	4.0	46.0	26.0	43.0	30.0	38.0	58.0	49.0
30.0	40.0	34.0	43.0	37.0	46.0	4.0	38.0	58.0	45.0
30.0	40.0	34.0	37.0	46.0	18.0	3.0	7.0	32.0	10.0
30.0	34.0	37.0	40.0	46.0	49.0	10.0	45.0	0.0	27.0
46.0	30.0	34.0	49.0	40.0	26.0	43.0	37.0	58.0	9.0
30.0	40.0	43.0	34.0	46.0	26.0	49.0	9.0	51.0	22.0
30.0	40.0	26.0	9.0	34.0	49.0	4.0	51.0	58.0	36.0
49.0	46.0	34.0	30.0	45.0	9.0	48.0	26.0	58.0	0.0
30.0	46.0	34.0	40.0	36.0	10.0	37.0	26.0	3.0	32.0
30.0	40.0	34.0	9.0	43.0	37.0	10.0	7.0	36.0	58.0
40.0	34.0	43.0	37.0	30.0	7.0	42.0	18.0	55.0	19.0
40.0	30.0	34.0	4.0	26.0	43.0	46.0	49.0	50.0	58.0
34.0	30.0	46.0	49.0	43.0	40.0	37.0	26.0	58.0	0.0
30.0	49.0	34.0	43.0	37.0	40.0	0.0	26.0	9.0	42.0
30.0	34.0	37.0	40.0	0.0	26.0	46.0	49.0	42.0	36.0
30.0	34.0	46.0	40.0	43.0	37.0	26.0	9.0	4.0	58.0
30.0	34.0	40.0	46.0	37.0	49.0	50.0	20.0	3.0	9.0
30.0	40.0	34.0	3.0	46.0	32.0	7.0	49.0	23.0	37.0
34.0	30.0	40.0	7.0	43.0	37.0	46.0	23.0	26.0	4.0
30.0	34.0	46.0	40.0	49.0	43.0	37.0	2.0	26.0	27.0
30.0	34.0	45.0	48.0	40.0	59.0	0.0	46.0	53.0	39.0
30.0	34.0	46.0	40.0	48.0	26.0	49.0	9.0	53.0	36.0
34.0	30.0	45.0	46.0	49.0	43.0	37.0	48.0	0.0	59.0
49.0	34.0	30.0	43.0	59.0	44.0	40.0	39.0	50.0	4.0
34.0	30.0	43.0	37.0	40.0	26.0	58.0	27.0	9.0	0.0
30.0	34.0	46.0	40.0	49.0	50.0	43.0	18.0	20.0	26.0
30.0	34.0	46.0	40.0	26.0	9.0	18.0	43.0	37.0	20.0
30.0	40.0	3.0	7.0	32.0	34.0	23.0	9.0	18.0	43.0
34.0	30.0	3.0	40.0	23.0	4.0	26.0	58.0	43.0	37.0
30.0	3.0	34.0	4.0	45.0	40.0	9.0	58.0	43.0	36.0
30.0	46.0	34.0	27.0	49.0	9.0	40.0	10.0	58.0	12.0
46.0	34.0	49.0	30.0	58.0	8.0	40.0	55.0	21.0	23.0
46.0	34.0	30.0	40.0	50.0	8.0	0.0	54.0	51.0	52.0
46.0	30.0	40.0	50.0	4.0	34.0	38.0	43.0	37.0	33.0
40.0	4.0	30.0	34.0	33.0	43.0	37.0	19.0	50.0	9.0
10.0	12.0	34.0	40.0	30.0	49.0	4.0	2.0	46.0	8.0
30.0	34.0	4.0	46.0	38.0	37.0	43.0	49.0	40.0	2.0
30.0	46.0	34.0	40.0	26.0	9.0	43.0	37.0	58.0	0.0
30.0	34.0	40.0	49.0	46.0	9.0	43.0	37.0	58.0	50.0
30.0	34.0	40.0	49.0	46.0	43.0	9.0	37.0	12.0	10.0
43.0	37.0	30.0	40.0	46.0	26.0	34.0	50.0	4.0	38.0
30.0	37.0	40.0	34.0	46.0	4.0	27.0	51.0	54.0	3.0
30.0	37.0	40.0	34.0	3.0	32.0	23.0	7.0	27.0	54.0
30.0	37.0	34.0	26.0	10.0	2.0	50.0	3.0	27.0	12.0
30.0	34.0	26.0	40.0	9.0	46.0	27.0	12.0	43.0	37.0
34.0	30.0	40.0	9.0	46.0	4.0	12.0	58.0	43.0	10.0
34.0	30.0	12.0	43.0	37.0	46.0	40.0	49.0	54.0	4.0
40.0	30.0	34.0	3.0	32.0	12.0	7.0	43.0	37.0	46.0
30.0	34.0	40.0	43.0	10.0	37.0	18.0	49.0	12.0	42.0
34.0	49.0	32.0	45.0	3.0	30.0	46.0	18.0	2.0	53.0
30.0	40.0	34.0	0.0	19.0	46.0	4.0	9.0	44.0	38.0
30.0	34.0	46.0	26.0	49.0	40.0	58.0	12.0	10.0	27.0
30.0	46.0	40.0	34.0	49.0	43.0	37.0	4.0	26.0	38.0
34.0	46.0	40.0	30.0	9.0	12.0	43.0	37.0	0.0	45.0
34.0	30.0	46.0	40.0	26.0	43.0	37.0	49.0	58.0	27.0
30.0	46.0	34.0	40.0	26.0	50.0	45.0	51.0	54.0	43.0
30.0	10.0	27.0	46.0	12.0	26.0	9.0	49.0	18.0	34.0
30.0	40.0	34.0	49.0	46.0	3.0	32.0	7.0	45.0	26.0
30.0	34.0	45.0	46.0	23.0	49.0	40.0	59.0	48.0	4.0
30.0	34.0	49.0	43.0	37.0	59.0	48.0	40.0	4.0	9.0
34.0	43.0	37.0	30.0	50.0	0.0	49.0	40.0	46.0	45.0
30.0	34.0	49.0	40.0	51.0	59.0	4.0	44.0	37.0	43.0
34.0	46.0	30.0	10.0	49.0	54.0	4.0	51.0	12.0	50.0
30.0	46.0	34.0	40.0	54.0	26.0	18.0	9.0	2.0	58.0
40.0	30.0	34.0	58.0	12.0	27.0	22.0	46.0	36.0	49.0
30.0	34.0	40.0	46.0	49.0	43.0	37.0	4.0	0.0	12.0
34.0	30.0	46.0	49.0	40.0	37.0	43.0	9.0	38.0	48.0
30.0	34.0	40.0	46.0	43.0	49.0	26.0	58.0	0.0	12.0
34.0	30.0	40.0	43.0	46.0	37.0	49.0	42.0	26.0	51.0
30.0	34.0	50.0	40.0	54.0	46.0	51.0	26.0	43.0	37.0
34.0	30.0	49.0	45.0	46.0	48.0	44.0	59.0	40.0	0.0
40.0	45.0	30.0	34.0	3.0	44.0	32.0	23.0	7.0	46.0
30.0	50.0	46.0	3.0	49.0	26.0	4.0	54.0	18.0	52.0
30.0	40.0	46.0	49.0	3.0	7.0	4.0	54.0	32.0	26.0
30.0	40.0	34.0	49.0	9.0	4.0	26.0	33.0	2.0	36.0
30.0	45.0	49.0	34.0	51.0	46.0	37.0	43.0	48.0	0.0
34.0	45.0	49.0	43.0	37.0	51.0	30.0	26.0	4.0	44.0
30.0	37.0	44.0	34.0	9.0	40.0	58.0	46.0	12.0	20.0
40.0	30.0	34.0	58.0	3.0	7.0	32.0	49.0	23.0	43.0
49.0	34.0	30.0	45.0	46.0	0.0	44.0	48.0	43.0	37.0
30.0	46.0	49.0	40.0	39.0	34.0	9.0	53.0	26.0	54.0
34.0	30.0	46.0	40.0	51.0	26.0	53.0	43.0	58.0	37.0
30.0	34.0	40.0	43.0	37.0	26.0	46.0	53.0	49.0	50.0
30.0	40.0	34.0	26.0	10.0	9.0	12.0	49.0	50.0	4.0
9.0	30.0	34.0	40.0	46.0	4.0	49.0	10.0	22.0	45.0
30.0	34.0	46.0	40.0	26.0	4.0	58.0	9.0	44.0	0.0
30.0	40.0	34.0	51.0	50.0	26.0	9.0	46.0	54.0	45.0
30.0	34.0	26.0	46.0	43.0	49.0	40.0	42.0	44.0	50.0
34.0	30.0	9.0	43.0	37.0	46.0	40.0	42.0	49.0	12.0
30.0	46.0	34.0	49.0	42.0	10.0	40.0	50.0	12.0	43.0
30.0	45.0	43.0	37.0	9.0	51.0	54.0	26.0	12.0	34.0
34.0	46.0	49.0	9.0	43.0	37.0	30.0	2.0	54.0	36.0
30.0	34.0	37.0	10.0	49.0	46.0	40.0	19.0	45.0	26.0
30.0	34.0	45.0	49.0	40.0	0.0	48.0	58.0	59.0	44.0
30.0	40.0	43.0	37.0	34.0	49.0	46.0	26.0	50.0	20.0
40.0	34.0	43.0	30.0	49.0	46.0	3.0	7.0	32.0	23.0
30.0	46.0	3.0	7.0	34.0	40.0	27.0	50.0	38.0	43.0
30.0	34.0	40.0	46.0	27.0	50.0	43.0	37.0	49.0	3.0
30.0	40.0	34.0	46.0	49.0	43.0	37.0	42.0	4.0	50.0
30.0	40.0	34.0	3.0	46.0	23.0	7.0	32.0	26.0	9.0
30.0	46.0	40.0	34.0	32.0	43.0	37.0	9.0	58.0	31.0
30.0	34.0	26.0	46.0	9.0	40.0	50.0	43.0	49.0	37.0
30.0	34.0	46.0	40.0	50.0	43.0	37.0	49.0	4.0	20.0
34.0	30.0	46.0	50.0	49.0	40.0	37.0	26.0	4.0	58.0
40.0	30.0	34.0	3.0	50.0	32.0	4.0	7.0	37.0	46.0
30.0	34.0	40.0	26.0	43.0	37.0	49.0	42.0	4.0	50.0
30.0	40.0	46.0	4.0	34.0	26.0	43.0	50.0	9.0	49.0
30.0	34.0	40.0	46.0	4.0	26.0	49.0	45.0	0.0	42.0
30.0	34.0	49.0	40.0	46.0	37.0	43.0	4.0	26.0	58.0
34.0	40.0	30.0	4.0	37.0	32.0	3.0	26.0	38.0	7.0
34.0	40.0	30.0	46.0	26.0	49.0	7.0	4.0	23.0	12.0
34.0	30.0	40.0	26.0	46.0	58.0	9.0	49.0	27.0	10.0
30.0	34.0	49.0	46.0	4.0	26.0	9.0	43.0	37.0	40.0
30.0	34.0	26.0	37.0	9.0	40.0	46.0	49.0	38.0	42.0
30.0	50.0	54.0	51.0	42.0	34.0	26.0	18.0	45.0	43.0
34.0	30.0	40.0	46.0	54.0	49.0	19.0	26.0	18.0	12.0
34.0	30.0	19.0	46.0	49.0	40.0	26.0	43.0	37.0	32.0
30.0	34.0	43.0	37.0	46.0	40.0	49.0	50.0	26.0	4.0
30.0	34.0	45.0	40.0	48.0	43.0	49.0	0.0	26.0	46.0
34.0	30.0	40.0	46.0	0.0	49.0	26.0	59.0	50.0	20.0
30.0	40.0	34.0	46.0	26.0	50.0	9.0	36.0	2.0	42.0
30.0	46.0	40.0	34.0	49.0	50.0	20.0	9.0	51.0	4.0
30.0	34.0	20.0	26.0	46.0	58.0	40.0	49.0	51.0	9.0
30.0	34.0	40.0	43.0	37.0	9.0	26.0	46.0	4.0	22.0
30.0	34.0	37.0	10.0	12.0	26.0	9.0	40.0	2.0	8.0
34.0	30.0	40.0	46.0	10.0	50.0	1.0	26.0	49.0	38.0
30.0	34.0	40.0	43.0	49.0	37.0	9.0	12.0	58.0	10.0
30.0	34.0	40.0	46.0	43.0	37.0	9.0	51.0	26.0	49.0
30.0	34.0	9.0	40.0	43.0	37.0	4.0	45.0	22.0	49.0
30.0	46.0	40.0	34.0	26.0	49.0	50.0	20.0	36.0	58.0
30.0	34.0	46.0	49.0	22.0	9.0	40.0	51.0	27.0	43.0
30.0	34.0	45.0	46.0	43.0	37.0	9.0	26.0	0.0	48.0
30.0	45.0	34.0	40.0	58.0	59.0	50.0	55.0	44.0	43.0
30.0	40.0	46.0	26.0	49.0	34.0	9.0	43.0	10.0	37.0
40.0	30.0	46.0	43.0	37.0	26.0	58.0	34.0	18.0	27.0
30.0	34.0	46.0	49.0	26.0	43.0	0.0	37.0	40.0	45.0
30.0	34.0	40.0	45.0	53.0	51.0	43.0	37.0	59.0	0.0
30.0	34.0	46.0	53.0	43.0	59.0	37.0	40.0	49.0	48.0
34.0	30.0	46.0	53.0	49.0	43.0	40.0	4.0	52.0	58.0
34.0	30.0	26.0	40.0	43.0	53.0	37.0	4.0	49.0	46.0
30.0	34.0	46.0	49.0	4.0	43.0	37.0	38.0	50.0	40.0
34.0	49.0	40.0	30.0	37.0	50.0	26.0	58.0	0.0	42.0
30.0	34.0	50.0	40.0	49.0	43.0	37.0	46.0	58.0	0.0
30.0	50.0	46.0	34.0	40.0	9.0	26.0	43.0	49.0	4.0
30.0	50.0	40.0	34.0	46.0	22.0	43.0	37.0	49.0	3.0
34.0	30.0	40.0	45.0	46.0	26.0	49.0	48.0	58.0	0.0
30.0	34.0	50.0	43.0	37.0	26.0	40.0	9.0	20.0	49.0
34.0	4.0	43.0	37.0	46.0	38.0	30.0	20.0	26.0	40.0
30.0	34.0	37.0	45.0	26.0	48.0	49.0	0.0	50.0	46.0
34.0	45.0	26.0	30.0	46.0	32.0	3.0	50.0	40.0	7.0
26.0	34.0	30.0	32.0	50.0	7.0	46.0	23.0	36.0	49.0
30.0	40.0	34.0	46.0	26.0	49.0	50.0	43.0	37.0	23.0
30.0	40.0	46.0	50.0	26.0	3.0	34.0	7.0	32.0	49.0
30.0	34.0	40.0	7.0	43.0	37.0	46.0	49.0	54.0	4.0
34.0	30.0	40.0	26.0	7.0	37.0	46.0	58.0	27.0	18.0
30.0	40.0	34.0	26.0	37.0	46.0	9.0	58.0	0.0	36.0
30.0	34.0	40.0	46.0	4.0	43.0	58.0	37.0	9.0	50.0
30.0	34.0	45.0	40.0	9.0	49.0	46.0	26.0	44.0	0.0
30.0	46.0	40.0	26.0	49.0	44.0	0.0	43.0	37.0	34.0
30.0	34.0	46.0	26.0	40.0	9.0	37.0	58.0	36.0	18.0
30.0	46.0	34.0	58.0	40.0	36.0	18.0	12.0	22.0	10.0
30.0	49.0	34.0	45.0	46.0	48.0	59.0	54.0	53.0	51.0
30.0	34.0	45.0	48.0	59.0	44.0	40.0	46.0	49.0	53.0
30.0	34.0	48.0	40.0	49.0	10.0	12.0	13.0	27.0	26.0
40.0	30.0	34.0	26.0	3.0	48.0	7.0	23.0	32.0	49.0
30.0	40.0	34.0	27.0	4.0	9.0	43.0	37.0	50.0	3.0
34.0	49.0	3.0	9.0	30.0	46.0	4.0	40.0	32.0	23.0
30.0	23.0	7.0	34.0	40.0	22.0	46.0	49.0	56.0	43.0
30.0	34.0	46.0	40.0	49.0	4.0	26.0	43.0	9.0	38.0
30.0	34.0	46.0	40.0	26.0	27.0	43.0	58.0	12.0	10.0
40.0	30.0	34.0	26.0	7.0	3.0	43.0	9.0	37.0	27.0
30.0	3.0	37.0	49.0	12.0	46.0	10.0	34.0	55.0	45.0
30.0	40.0	49.0	12.0	34.0	26.0	9.0	43.0	37.0	58.0
30.0	34.0	43.0	37.0	55.0	4.0	46.0	38.0	26.0	40.0
34.0	30.0	40.0	4.0	49.0	50.0	43.0	37.0	48.0	27.0
49.0	46.0	4.0	34.0	38.0	37.0	43.0	9.0	30.0	40.0
30.0	49.0	4.0	34.0	9.0	40.0	26.0	7.0	32.0	43.0
49.0	34.0	40.0	30.0	26.0	45.0	58.0	42.0	27.0	0.0
49.0	34.0	30.0	43.0	37.0	40.0	18.0	54.0	50.0	4.0
49.0	34.0	30.0	45.0	9.0	40.0	43.0	22.0	37.0	48.0
40.0	30.0	46.0	45.0	49.0	50.0	34.0	37.0	42.0	51.0
30.0	50.0	46.0	40.0	54.0	51.0	20.0	45.0	34.0	9.0
34.0	40.0	30.0	9.0	43.0	37.0	20.0	26.0	46.0	18.0
40.0	34.0	30.0	43.0	37.0	20.0	46.0	4.0	49.0	58.0
34.0	30.0	45.0	40.0	46.0	43.0	37.0	49.0	0.0	26.0
30.0	34.0	40.0	46.0	0.0	4.0	26.0	53.0	43.0	37.0
40.0	30.0	34.0	3.0	32.0	23.0	43.0	37.0	7.0	26.0
30.0	40.0	56.0	43.0	9.0	37.0	34.0	58.0	46.0	42.0
30.0	34.0	43.0	46.0	37.0	4.0	58.0	9.0	40.0	49.0
34.0	30.0	40.0	46.0	4.0	2.0	43.0	37.0	26.0	33.0
34.0	40.0	30.0	26.0	37.0	50.0	58.0	42.0	3.0	32.0
30.0	34.0	40.0	26.0	50.0	43.0	37.0	58.0	4.0	32.0
30.0	40.0	34.0	46.0	26.0	43.0	49.0	50.0	58.0	42.0
30.0	40.0	4.0	3.0	38.0	7.0	43.0	37.0	46.0	32.0
30.0	40.0	43.0	37.0	46.0	34.0	50.0	3.0	33.0	51.0
30.0	46.0	34.0	40.0	49.0	9.0	26.0	43.0	4.0	22.0
49.0	10.0	45.0	53.0	46.0	12.0	34.0	40.0	2.0	9.0
49.0	34.0	30.0	45.0	40.0	19.0	47.0	58.0	26.0	50.0
30.0	34.0	43.0	9.0	37.0	4.0	40.0	55.0	49.0	46.0
30.0	37.0	34.0	46.0	58.0	9.0	40.0	50.0	4.0	18.0
30.0	40.0	34.0	9.0	26.0	43.0	37.0	46.0	12.0	58.0
30.0	34.0	45.0	9.0	49.0	26.0	48.0	46.0	43.0	0.0
30.0	34.0	40.0	26.0	45.0	46.0	37.0	50.0	51.0	4.0
30.0	43.0	37.0	9.0	50.0	34.0	54.0	51.0	40.0	20.0
34.0	30.0	43.0	40.0	20.0	18.0	46.0	52.0	49.0	4.0
30.0	34.0	40.0	43.0	37.0	46.0	2.0	52.0	18.0	50.0
50.0	30.0	9.0	43.0	37.0	34.0	20.0	40.0	45.0	36.0
40.0	30.0	4.0	38.0	43.0	37.0	33.0	46.0	34.0	18.0
30.0	40.0	34.0	46.0	49.0	43.0	37.0	9.0	42.0	19.0
34.0	30.0	45.0	37.0	0.0	49.0	48.0	39.0	26.0	46.0
30.0	34.0	46.0	40.0	49.0	32.0	3.0	26.0	9.0	23.0
30.0	49.0	40.0	58.0	50.0	34.0	45.0	43.0	37.0	9.0
34.0	40.0	49.0	3.0	30.0	32.0	7.0	23.0	6.0	43.0
30.0	34.0	40.0	3.0	4.0	32.0	43.0	37.0	7.0	38.0
30.0	45.0	49.0	34.0	46.0	48.0	51.0	44.0	59.0	54.0
30.0	53.0	43.0	4.0	40.0	22.0	39.0	46.0	34.0	49.0
40.0	30.0	43.0	37.0	53.0	46.0	39.0	26.0	34.0	49.0
30.0	34.0	37.0	26.0	51.0	46.0	4.0	40.0	38.0	20.0
30.0	49.0	40.0	46.0	51.0	34.0	50.0	45.0	43.0	37.0
34.0	40.0	43.0	30.0	37.0	50.0	46.0	4.0	49.0	42.0
34.0	30.0	43.0	46.0	49.0	4.0	50.0	42.0	38.0	58.0
30.0	34.0	43.0	9.0	40.0	46.0	4.0	50.0	49.0	36.0
30.0	34.0	40.0	43.0	37.0	4.0	26.0	49.0	18.0	10.0
30.0	34.0	40.0	49.0	18.0	20.0	43.0	37.0	58.0	0.0
40.0	30.0	3.0	34.0	32.0	26.0	7.0	43.0	4.0	37.0
10.0	34.0	9.0	12.0	8.0	30.0	26.0	43.0	37.0	58.0
10.0	9.0	34.0	26.0	43.0	40.0	30.0	27.0	47.0	4.0
30.0	34.0	43.0	40.0	26.0	10.0	12.0	4.0	58.0	3.0
30.0	34.0	43.0	40.0	26.0	10.0	12.0	58.0	0.0	39.0
30.0	34.0	58.0	40.0	49.0	46.0	43.0	37.0	0.0	45.0
4.0	34.0	38.0	30.0	26.0	37.0	43.0	40.0	58.0	49.0
34.0	30.0	26.0	46.0	43.0	37.0	4.0	50.0	40.0	51.0
34.0	30.0	26.0	46.0	43.0	48.0	0.0	40.0	51.0	42.0
30.0	34.0	40.0	43.0	37.0	26.0	46.0	4.0	39.0	58.0
40.0	30.0	34.0	46.0	37.0	26.0	49.0	4.0	9.0	44.0
40.0	34.0	30.0	26.0	4.0	3.0	32.0	7.0	58.0	38.0
30.0	34.0	43.0	37.0	32.0	40.0	49.0	23.0	26.0	12.0
30.0	34.0	40.0	10.0	46.0	43.0	12.0	37.0	9.0	32.0
30.0	34.0	45.0	40.0	49.0	53.0	48.0	43.0	46.0	37.0
34.0	45.0	30.0	48.0	0.0	12.0	46.0	40.0	43.0	49.0
30.0	46.0	49.0	34.0	0.0	26.0	40.0	43.0	37.0	45.0
30.0	46.0	40.0	34.0	9.0	43.0	26.0	37.0	54.0	51.0
32.0	30.0	3.0	34.0	46.0	7.0	23.0	40.0	49.0	10.0
30.0	34.0	40.0	23.0	49.0	26.0	9.0	43.0	4.0	12.0
30.0	34.0	43.0	37.0	26.0	4.0	58.0	12.0	38.0	40.0
30.0	40.0	43.0	37.0	51.0	54.0	34.0	55.0	26.0	4.0
30.0	34.0	51.0	45.0	40.0	0.0	48.0	26.0	39.0	38.0
34.0	30.0	40.0	43.0	37.0	26.0	42.0	53.0	51.0	50.0
34.0	30.0	43.0	40.0	9.0	53.0	36.0	18.0	10.0	12.0
30.0	34.0	43.0	40.0	42.0	45.0	51.0	12.0	0.0	48.0
30.0	34.0	40.0	43.0	37.0	4.0	23.0	49.0	50.0	58.0
30.0	34.0	2.0	40.0	9.0	18.0	36.0	19.0	22.0	43.0
30.0	46.0	34.0	49.0	40.0	18.0	50.0	9.0	20.0	19.0
30.0	34.0	40.0	4.0	18.0	46.0	50.0	49.0	38.0	54.0
30.0	4.0	34.0	40.0	46.0	18.0	49.0	43.0	37.0	36.0
30.0	34.0	45.0	48.0	0.0	18.0	49.0	46.0	43.0	51.0
30.0	34.0	40.0	49.0	50.0	43.0	53.0	42.0	10.0	54.0
34.0	30.0	40.0	46.0	49.0	45.0	43.0	37.0	3.0	0.0
30.0	40.0	34.0	49.0	50.0	46.0	43.0	37.0	51.0	52.0
40.0	30.0	34.0	50.0	46.0	9.0	43.0	37.0	49.0	4.0
40.0	34.0	46.0	30.0	37.0	26.0	27.0	2.0	20.0	12.0
30.0	40.0	10.0	12.0	2.0	3.0	34.0	32.0	23.0	7.0
40.0	30.0	34.0	18.0	43.0	37.0	4.0	38.0	51.0	3.0
